0000  02 40 00 17 00 13 00 04 00 12 8c 00 7f 45 4c 46   .@...........ELF
0010  01 01 01 00 00 00 00 00 00 00 00 00               ............

0000  02 40 00 17 00 13 00 04 00 12 8c 00 02 00 28 00   .@............(.
0010  01 00 00 00 dc 03 01 00 34 00 00 00               ........4...

0000  02 40 00 17 00 13 00 04 00 12 8c 00 3c 19 00 00   .@..........<...
0010  02 04 00 05 34 00 20 00 08 00 28 00               ....4. ...(.

0000  02 40 00 17 00 13 00 04 00 12 8c 00 1e 00 1b 00   .@..............
0010  01 00 00 70 f4 0a 00 00 f4 0a 01 00               ...p........

0000  02 40 00 17 00 13 00 04 00 12 8c 00 f4 0a 01 00   .@..............
0010  08 00 00 00 08 00 00 00 04 00 00 00               ............

0000  02 40 00 17 00 13 00 04 00 12 8c 00 04 00 00 00   .@..............
0010  06 00 00 00 34 00 00 00 34 00 01 00               ....4...4...

0000  02 40 00 17 00 13 00 04 00 12 8c 00 34 00 01 00   .@..........4...
0010  00 01 00 00 00 01 00 00 05 00 00 00               ............

0000  02 40 00 17 00 13 00 04 00 12 8c 00 04 00 00 00   .@..............
0010  03 00 00 00 34 01 00 00 34 01 01 00               ....4...4...

0000  02 40 00 17 00 13 00 04 00 12 8c 00 34 01 01 00   .@..........4...
0010  19 00 00 00 19 00 00 00 04 00 00 00               ............

0000  02 40 00 17 00 13 00 04 00 12 8c 00 01 00 00 00   .@..............
0010  01 00 00 00 00 00 00 00 00 00 01 00               ............

0000  02 40 00 17 00 13 00 04 00 12 8c 00 00 00 01 00   .@..............
0010  00 0b 00 00 00 0b 00 00 05 00 00 00               ............

0000  02 40 00 17 00 13 00 04 00 12 8c 00 00 00 01 00   .@..............
0010  01 00 00 00 00 0b 00 00 00 0b 02 00               ............

0000  02 40 00 17 00 13 00 04 00 12 8c 00 00 0b 02 00   .@..............
0010  2c 01 00 00 38 01 00 00 06 00 00 00               ,...8.......

0000  02 40 00 17 00 13 00 04 00 12 8c 00 00 00 01 00   .@..............
0010  02 00 00 00 0c 0b 00 00 0c 0b 02 00               ............

0000  02 40 00 17 00 13 00 04 00 12 8c 00 0c 0b 02 00   .@..............
0010  e8 00 00 00 e8 00 00 00 06 00 00 00               ............

0000  02 40 00 17 00 13 00 04 00 12 8c 00 04 00 00 00   .@..............
0010  04 00 00 00 50 01 00 00 50 01 01 00               ....P...P...

0000  02 40 00 17 00 13 00 04 00 12 8c 00 50 01 01 00   .@..........P...
0010  44 00 00 00 44 00 00 00 04 00 00 00               D...D.......

0000  02 40 00 17 00 13 00 04 00 12 8c 00 04 00 00 00   .@..............
0010  51 e5 74 64 00 00 00 00 00 00 00 00               Q.td........

0000  02 40 00 17 00 13 00 04 00 12 8c 00 00 00 00 00   .@..............
0010  00 00 00 00 00 00 00 00 06 00 00 00               ............

0000  02 40 00 17 00 13 00 04 00 12 8c 00 10 00 00 00   .@..............
0010  2f 6c 69 62 2f 6c 64 2d 6c 69 6e 75               /lib/ld-linu

0000  02 40 00 17 00 13 00 04 00 12 8c 00 78 2d 61 72   .@..........x-ar
0010  6d 68 66 2e 73 6f 2e 33 00 00 00 00               mhf.so.3....

0000  02 40 00 17 00 13 00 04 00 12 8c 00 04 00 00 00   .@..............
0010  10 00 00 00 01 00 00 00 47 4e 55 00               ........GNU.

0000  02 40 00 17 00 13 00 04 00 12 8c 00 00 00 00 00   .@..............
0010  02 00 00 00 06 00 00 00 20 00 00 00               ........ ...

0000  02 40 00 17 00 13 00 04 00 12 8c 00 04 00 00 00   .@..............
0010  14 00 00 00 03 00 00 00 47 4e 55 00               ........GNU.

0000  02 40 00 17 00 13 00 04 00 12 8c 00 d7 3f 40 11   .@...........?@.
0010  dd 87 81 2b 66 a3 12 8e 7f 0c d1 dc               ...+f.......

0000  02 40 00 17 00 13 00 04 00 12 8c 00 d8 13 f5 43   .@.............C
0010  03 00 00 00 02 00 00 00 02 00 00 00               ............

0000  02 40 00 17 00 13 00 04 00 12 8c 00 06 00 00 00   .@..............
0010  00 50 02 60 80 40 20 a1 02 00 00 00               .P.`.@ .....

0000  02 40 00 17 00 13 00 04 00 12 8c 00 05 00 00 00   .@..............
0010  09 00 00 00 9e fb 6e 0f 10 7b 9c 7c               ......n..{.|

0000  02 40 00 17 00 13 00 04 00 12 8c 00 9d bb 93 1c   .@..............
0010  b8 2b 6b 15 3e 7e 96 7c 66 55 61 10               .+k.>~.|fUa.

0000  02 40 00 17 00 13 00 04 00 12 8c 00 7d ed 11 0f   .@..........}...
0010  2f 4e 3d f6 00 00 00 00 00 00 00 00               /N=.........

0000  02 40 00 17 00 13 00 04 00 12 8c 00 00 00 00 00   .@..............
0010  00 00 00 00 47 00 00 00 00 00 00 00               ....G.......

0000  02 40 00 17 00 13 00 04 00 12 8c 00 00 00 00 00   .@..............
0010  20 00 00 00 28 00 00 00 00 00 00 00                ...(.......

0000  02 40 00 17 00 13 00 04 00 12 8c 00 00 00 00 00   .@..............
0010  12 00 00 00 10 00 00 00 00 00 00 00               ............

0000  02 40 00 17 00 13 00 04 00 12 8c 00 00 00 00 00   .@..............
0010  12 00 00 00 2e 00 00 00 00 00 00 00               ............

0000  02 40 00 17 00 13 00 04 00 12 8c 00 00 00 00 00   .@..............
0010  12 00 00 00 21 00 00 00 00 00 00 00               ....!.......

0000  02 40 00 17 00 13 00 04 00 12 8c 00 00 00 00 00   .@..............
0010  12 00 00 00 0b 00 00 00 00 00 00 00               ............

0000  02 40 00 17 00 13 00 04 00 12 8c 00 00 00 00 00   .@..............
0010  12 00 00 00 1b 00 00 00 30 0c 02 00               ........0...

0000  02 40 00 17 00 13 00 04 00 12 8c 00 04 00 00 00   .@..............
0010  11 00 18 00 15 00 00 00 00 00 00 00               ............

0000  02 40 00 17 00 13 00 04 00 12 8c 00 00 00 00 00   .@..............
0010  12 00 00 00 35 00 00 00 00 00 00 00               ....5.......

0000  02 40 00 17 00 13 00 04 00 12 8c 00 00 00 00 00   .@..............
0010  12 00 00 00 00 6c 69 62 63 2e 73 6f               .....libc.so

0000  02 40 00 17 00 13 00 04 00 12 8c 00 2e 36 00 65   .@...........6.e
0010  78 69 74 00 70 75 74 73 00 61 62 6f               xit.puts.abo

0000  02 40 00 17 00 13 00 04 00 12 8c 00 72 74 00 73   .@..........rt.s
0010  74 64 69 6e 00 70 72 69 6e 74 66 00               tdin.printf.

0000  02 40 00 17 00 13 00 04 00 12 8c 00 66 67 65 74   .@..........fget
0010  73 00 73 74 72 6c 65 6e 00 5f 5f 6c               s.strlen.__l

0000  02 40 00 17 00 13 00 04 00 12 8c 00 69 62 63 5f   .@..........ibc_
0010  73 74 61 72 74 5f 6d 61 69 6e 00 5f               start_main._

0000  02 40 00 17 00 13 00 04 00 12 8c 00 5f 67 6d 6f   .@.........._gmo
0010  6e 5f 73 74 61 72 74 5f 5f 00 47 4c               n_start__.GL

0000  02 40 00 17 00 13 00 04 00 12 8c 00 49 42 43 5f   .@..........IBC_
0010  32 2e 34 00 00 00 00 00 02 00 02 00               2.4.........

0000  02 40 00 17 00 13 00 04 00 12 8c 00 02 00 02 00   .@..............
0010  02 00 02 00 02 00 02 00 01 00 01 00               ............

0000  02 40 00 17 00 13 00 04 00 12 8c 00 01 00 00 00   .@..............
0010  10 00 00 00 00 00 00 00 14 69 69 0d               .........ii.

0000  02 40 00 17 00 13 00 04 00 12 8c 00 00 00 02 00   .@..............
0010  56 00 00 00 00 00 00 00 20 0c 02 00               V....... ...

0000  02 40 00 17 00 13 00 04 00 12 8c 00 15 01 00 00   .@..............
0010  30 0c 02 00 14 07 00 00 00 0c 02 00               0...........

0000  02 40 00 17 00 13 00 04 00 12 8c 00 16 05 00 00   .@..............
0010  04 0c 02 00 16 02 00 00 08 0c 02 00               ............

0000  02 40 00 17 00 13 00 04 00 12 8c 00 16 03 00 00   .@..............
0010  0c 0c 02 00 16 09 00 00 10 0c 02 00               ............

0000  02 40 00 17 00 13 00 04 00 12 8c 00 16 01 00 00   .@..............
0010  14 0c 02 00 16 06 00 00 18 0c 02 00               ............

0000  02 40 00 17 00 13 00 04 00 12 8c 00 16 04 00 00   .@..............
0010  1c 0c 02 00 16 08 00 00 08 40 2d e9               .........@-.

0000  02 40 00 17 00 13 00 04 00 12 8c 00 2c 00 00 eb   .@..........,...
0010  08 80 bd e8 04 e0 2d e5 04 e0 9f e5               ......-.....

0000  02 40 00 17 00 13 00 04 00 12 8c 00 0e e0 8f e0   .@..............
0010  08 f0 be e5 7c 08 01 00 00 c6 8f e2               ....|.......

0000  02 40 00 17 00 13 00 04 00 12 8c 00 10 ca 8c e2   .@..............
0010  7c f8 bc e5 00 c6 8f e2 10 ca 8c e2               |...........

0000  02 40 00 17 00 13 00 04 00 12 8c 00 74 f8 bc e5   .@..........t...
0010  00 c6 8f e2 10 ca 8c e2 6c f8 bc e5               ........l...

0000  02 40 00 17 00 13 00 04 00 12 8c 00 00 c6 8f e2   .@..............
0010  10 ca 8c e2 64 f8 bc e5 00 c6 8f e2               ....d.......

0000  02 40 00 17 00 13 00 04 00 12 8c 00 10 ca 8c e2   .@..............
0010  5c f8 bc e5 00 c6 8f e2 10 ca 8c e2               \...........

0000  02 40 00 17 00 13 00 04 00 12 8c 00 54 f8 bc e5   .@..........T...
0010  00 c6 8f e2 10 ca 8c e2 4c f8 bc e5               ........L...

0000  02 40 00 17 00 13 00 04 00 12 8c 00 00 c6 8f e2   .@..............
0010  10 ca 8c e2 44 f8 bc e5 00 b0 a0 e3               ....D.......

0000  02 40 00 17 00 13 00 04 00 12 8c 00 00 e0 a0 e3   .@..............
0010  04 10 9d e4 0d 20 a0 e1 04 20 2d e5               ..... ... -.

0000  02 40 00 17 00 13 00 04 00 12 8c 00 04 00 2d e5   .@............-.
0010  10 c0 9f e5 04 c0 2d e5 0c 00 9f e5               ......-.....

0000  02 40 00 17 00 13 00 04 00 12 8c 00 0c 30 9f e5   .@...........0..
0010  e5 ff ff eb f0 ff ff eb 94 0a 01 00               ............

0000  02 40 00 17 00 13 00 04 00 12 8c 00 04 05 01 00   .@..............
0010  30 0a 01 00 14 30 9f e5 14 20 9f e5               0....0... ..

0000  02 40 00 17 00 13 00 04 00 12 8c 00 03 30 8f e0   .@...........0..
0010  02 20 93 e7 00 00 52 e3 1e ff 2f 01               . ....R.../.

0000  02 40 00 17 00 13 00 04 00 12 8c 00 dd ff ff ea   .@..............
0010  cc 07 01 00 2c 00 00 00 1c 30 9f e5               ....,....0..

0000  02 40 00 17 00 13 00 04 00 12 8c 00 1c 00 9f e5   .@..............
0010  03 30 60 e0 06 00 53 e3 1e ff 2f 91               .0`...S.../.

0000  02 40 00 17 00 13 00 04 00 12 8c 00 10 30 9f e5   .@...........0..
0010  00 00 53 e3 1e ff 2f 01 13 ff 2f e1               ..S.../.../.

0000  02 40 00 17 00 13 00 04 00 12 8c 00 2f 0c 02 00   .@........../...
0010  2c 0c 02 00 00 00 00 00 24 10 9f e5               ,.......$...

0000  02 40 00 17 00 13 00 04 00 12 8c 00 24 00 9f e5   .@..........$...
0010  01 10 60 e0 41 11 a0 e1 a1 1f 81 e0               ..`.A.......

0000  02 40 00 17 00 13 00 04 00 12 8c 00 c1 10 b0 e1   .@..............
0010  1e ff 2f 01 10 30 9f e5 00 00 53 e3               ../..0....S.

0000  02 40 00 17 00 13 00 04 00 12 8c 00 1e ff 2f 01   .@............/.
0010  13 ff 2f e1 2c 0c 02 00 2c 0c 02 00               ../.,...,...

0000  02 40 00 17 00 13 00 04 00 12 8c 00 00 00 00 00   .@..............
0010  10 40 2d e9 18 40 9f e5 00 30 d4 e5               .@-..@...0..

0000  02 40 00 17 00 13 00 04 00 12 8c 00 00 00 53 e3   .@............S.
0010  10 80 bd 18 df ff ff eb 01 30 a0 e3               .........0..

0000  02 40 00 17 00 13 00 04 00 12 8c 00 00 30 c4 e5   .@...........0..
0010  10 80 bd e8 34 0c 02 00 08 40 2d e9               ....4....@-.

0000  02 40 00 17 00 13 00 04 00 12 8c 00 24 00 9f e5   .@..........$...
0010  00 30 90 e5 00 00 53 e3 01 00 00 1a               .0....S.....

0000  02 40 00 17 00 13 00 04 00 12 8c 00 08 40 bd e8   .@...........@..
0010  e0 ff ff ea 10 30 9f e5 00 00 53 e3               .....0....S.

0000  02 40 00 17 00 13 00 04 00 12 8c 00 fa ff ff 0a   .@..............
0010  33 ff 2f e1 f8 ff ff ea 08 0b 02 00               3./.........

0000  02 40 00 17 00 13 00 04 00 12 8c 00 00 00 00 00   .@..............
0010  10 48 2d e9 08 b0 8d e2 6c d0 4d e2               .H-.....l.M.

0000  02 40 00 17 00 13 00 04 00 12 8c 00 70 00 0b e5   .@..........p...
0010  74 10 0b e5 98 32 9f e5 54 c0 4b e2               t....2..T.K.

0000  02 40 00 17 00 13 00 04 00 12 8c 00 03 e0 a0 e1   .@..............
0010  0f 00 be e8 0f 00 ac e8 0f 00 be e8               ............

0000  02 40 00 17 00 13 00 04 00 12 8c 00 0f 00 ac e8   .@..............
0010  07 00 9e e8 07 00 8c e8 00 30 a0 e3               .........0..

0000  02 40 00 17 00 13 00 04 00 12 8c 00 28 30 0b e5   .@..........(0..
0010  00 30 a0 e3 b4 32 4b e1 68 22 9f e5               .0...2K.h"..

0000  02 40 00 17 00 13 00 04 00 12 8c 00 68 30 4b e2   .@..........h0K.
0010  07 00 92 e8 07 00 83 e8 00 30 a0 e3               .........0..

0000  02 40 00 17 00 13 00 04 00 12 8c 00 5c 30 0b e5   .@..........\0..
0010  00 30 a0 e3 58 30 0b e5 4c 02 9f e5               .0..X0..L...

0000  02 40 00 17 00 13 00 04 00 12 8c 00 81 ff ff eb   .@..............
0010  48 32 9f e5 00 30 93 e5 20 20 4b e2               H2...0..  K.

0000  02 40 00 17 00 13 00 04 00 12 8c 00 02 00 a0 e1   .@..............
0010  0a 10 a0 e3 03 20 a0 e1 7d ff ff eb               ..... ..}...

0000  02 40 00 17 00 13 00 04 00 12 8c 00 20 30 4b e2   .@.......... 0K.
0010  03 00 a0 e1 89 ff ff eb 00 30 a0 e1               .........0..

0000  02 40 00 17 00 13 00 04 00 12 8c 00 08 00 53 e3   .@............S.
0010  04 00 00 0a 54 30 4b e2 03 00 a0 e1               ....T0K.....

0000  02 40 00 17 00 13 00 04 00 12 8c 00 77 ff ff eb   .@..........w...
0010  00 00 a0 e3 7e ff ff eb 69 30 a0 e3               ....~...i0..

0000  02 40 00 17 00 13 00 04 00 12 8c 00 11 30 4b e5   .@...........0K.
0010  00 30 a0 e3 10 30 0b e5 20 40 5b e5               .0...0.. @[.

0000  02 40 00 17 00 13 00 04 00 12 8c 00 20 30 4b e2   .@.......... 0K.
0010  03 00 a0 e1 79 ff ff eb 00 30 a0 e1               ....y....0..

0000  02 40 00 17 00 13 00 04 00 12 8c 00 73 30 ef e6   .@..........s0..
0010  11 20 5b e5 02 30 63 e0 73 30 ef e6               . [..0c.s0..

0000  02 40 00 17 00 13 00 04 00 12 8c 00 03 00 a0 e1   .@..............
0010  73 00 00 eb 00 30 a0 e1 03 00 54 e1               s....0....T.

0000  02 40 00 17 00 13 00 04 00 12 8c 00 02 00 00 1a   .@..............
0010  10 30 1b e5 01 30 83 e2 10 30 0b e5               .0...0...0..

0000  02 40 00 17 00 13 00 04 00 12 8c 00 1f 40 5b e5   .@...........@[.
0010  11 30 5b e5 27 30 23 e2 73 30 ef e6               .0[.'0#.s0..

0000  02 40 00 17 00 13 00 04 00 12 8c 00 03 00 a0 e1   .@..............
0010  67 00 00 eb 00 30 a0 e1 03 00 54 e1               g....0....T.

0000  02 40 00 17 00 13 00 04 00 12 8c 00 02 00 00 1a   .@..............
0010  10 30 1b e5 01 30 83 e2 10 30 0b e5               .0...0...0..

0000  02 40 00 17 00 13 00 04 00 12 8c 00 1e 40 5b e5   .@...........@[.
0010  11 30 5b e5 0b 30 83 e2 73 30 ef e6               .0[..0..s0..

0000  02 40 00 17 00 13 00 04 00 12 8c 00 03 00 a0 e1   .@..............
0010  5b 00 00 eb 00 30 a0 e1 03 00 54 e1               [....0....T.

0000  02 40 00 17 00 13 00 04 00 12 8c 00 02 00 00 1a   .@..............
0010  10 30 1b e5 01 30 83 e2 10 30 0b e5               .0...0...0..

0000  02 40 00 17 00 13 00 04 00 12 8c 00 1d 40 5b e5   .@...........@[.
0010  1f 30 5b e5 83 30 a0 e1 73 30 ef e6               .0[..0..s0..

0000  02 40 00 17 00 13 00 04 00 12 8c 00 33 30 43 e2   .@..........30C.
0010  73 30 ef e6 03 00 a0 e1 4d 00 00 eb               s0......M...

0000  02 40 00 17 00 13 00 04 00 12 8c 00 00 30 a0 e1   .@...........0..
0010  03 00 54 e1 02 00 00 1a 10 30 1b e5               ..T......0..

0000  02 40 00 17 00 13 00 04 00 12 8c 00 01 30 83 e2   .@...........0..
0010  10 30 0b e5 1c 40 5b e5 42 00 a0 e3               .0...@[.B...

0000  02 40 00 17 00 13 00 04 00 12 8c 00 44 00 00 eb   .@..........D...
0010  00 30 a0 e1 03 00 54 e1 02 00 00 1a               .0....T.....

0000  02 40 00 17 00 13 00 04 00 12 8c 00 10 30 1b e5   .@...........0..
0010  01 30 83 e2 10 30 0b e5 1b 40 5b e5               .0...0...@[.

0000  02 40 00 17 00 13 00 04 00 12 8c 00 10 30 1b e5   .@...........0..
0010  01 30 43 e2 83 31 a0 e1 73 30 ef e6               .0C..1..s0..

0000  02 40 00 17 00 13 00 04 00 12 8c 00 01 30 83 e3   .@...........0..
0010  73 30 ef e6 73 30 ef e6 03 00 a0 e1               s0..s0......

0000  02 40 00 17 00 13 00 04 00 12 8c 00 34 00 00 eb   .@..........4...
0010  00 30 a0 e1 03 00 54 e1 02 00 00 1a               .0....T.....

0000  02 40 00 17 00 13 00 04 00 12 8c 00 10 30 1b e5   .@...........0..
0010  01 30 83 e2 10 30 0b e5 1c 20 5b e5               .0...0... [.

0000  02 40 00 17 00 13 00 04 00 12 8c 00 1b 30 5b e5   .@...........0[.
0010  03 30 82 e0 73 20 ef e6 1d 30 5b e5               .0..s ...0[.

0000  02 40 00 17 00 13 00 04 00 12 8c 00 03 30 82 e0   .@...........0..
0010  12 30 4b e5 1d 20 5b e5 1b 30 5b e5               .0K.. [..0[.

0000  02 40 00 17 00 13 00 04 00 12 8c 00 03 30 82 e0   .@...........0..
0010  73 30 ef e6 42 30 83 e2 73 30 ef e6               s0..B0..s0..

0000  02 40 00 17 00 13 00 04 00 12 8c 00 73 20 ef e6   .@..........s ..
0010  12 30 5b e5 02 30 23 e0 73 30 ef e6               .0[..0#.s0..

0000  02 40 00 17 00 13 00 04 00 12 8c 00 73 30 ef e6   .@..........s0..
0010  65 30 83 e2 13 30 4b e5 1a 40 5b e5               e0...0K..@[.

0000  02 40 00 17 00 13 00 04 00 12 8c 00 13 30 5b e5   .@...........0[.
0010  03 00 a0 e1 16 00 00 eb 00 30 a0 e1               .........0..

0000  02 40 00 17 00 13 00 04 00 12 8c 00 03 00 54 e1   .@............T.
0010  02 00 00 1a 10 30 1b e5 01 30 83 e2               .....0...0..

0000  02 40 00 17 00 13 00 04 00 12 8c 00 10 30 0b e5   .@...........0..
0010  10 30 1b e5 07 00 53 e3 03 00 00 1a               .0....S.....

0000  02 40 00 17 00 13 00 04 00 12 8c 00 68 30 4b e2   .@..........h0K.
0010  03 00 a0 e1 fd fe ff eb 02 00 00 ea               ............

0000  02 40 00 17 00 13 00 04 00 12 8c 00 54 30 4b e2   .@..........T0K.
0010  03 00 a0 e1 f9 fe ff eb 03 00 a0 e1               ............

0000  02 40 00 17 00 13 00 04 00 12 8c 00 08 d0 4b e2   .@............K.
0010  10 88 bd e8 ac 0a 01 00 e0 0a 01 00               ............

0000  02 40 00 17 00 13 00 04 00 12 8c 00 a4 0a 01 00   .@..............
0010  30 0c 02 00 00 48 2d e9 04 b0 8d e2               0....H-.....

0000  02 40 00 17 00 13 00 04 00 12 8c 00 08 d0 4d e2   .@............M.
0010  00 30 a0 e1 05 30 4b e5 05 30 5b e5               .0...0K..0[.

0000  02 40 00 17 00 13 00 04 00 12 8c 00 03 00 a0 e1   .@..............
0010  0d 00 00 eb 00 30 a0 e1 05 30 4b e5               .....0...0K.

0000  02 40 00 17 00 13 00 04 00 12 8c 00 03 00 a0 e3   .@..............
0010  02 10 a0 e3 60 00 00 eb 00 30 a0 e1               ....`....0..

0000  02 40 00 17 00 13 00 04 00 12 8c 00 73 20 ef e6   .@..........s ..
0010  05 30 5b e5 03 30 82 e0 05 30 4b e5               .0[..0...0K.

0000  02 40 00 17 00 13 00 04 00 12 8c 00 05 30 5b e5   .@...........0[.
0010  03 00 a0 e1 04 d0 4b e2 00 88 bd e8               ......K.....

0000  02 40 00 17 00 13 00 04 00 12 8c 00 00 48 2d e9   .@...........H-.
0010  04 b0 8d e2 08 d0 4d e2 00 30 a0 e1               ......M..0..

0000  02 40 00 17 00 13 00 04 00 12 8c 00 05 30 4b e5   .@...........0K.
0010  05 30 5b e5 03 00 a0 e1 0d 00 00 eb               .0[.........

0000  02 40 00 17 00 13 00 04 00 12 8c 00 00 30 a0 e1   .@...........0..
0010  05 30 4b e5 05 30 5b e5 03 00 a0 e1               .0K..0[.....

0000  02 40 00 17 00 13 00 04 00 12 8c 00 62 00 00 eb   .@..........b...
0010  00 30 a0 e1 73 20 ef e6 05 30 5b e5               .0..s ...0[.

0000  02 40 00 17 00 13 00 04 00 12 8c 00 03 30 82 e0   .@...........0..
0010  05 30 4b e5 05 30 5b e5 03 00 a0 e1               .0K..0[.....

0000  02 40 00 17 00 13 00 04 00 12 8c 00 04 d0 4b e2   .@............K.
0010  00 88 bd e8 00 48 2d e9 04 b0 8d e2               .....H-.....

0000  02 40 00 17 00 13 00 04 00 12 8c 00 08 d0 4d e2   .@............M.
0010  00 30 a0 e1 05 30 4b e5 05 30 5b e5               .0...0K..0[.

0000  02 40 00 17 00 13 00 04 00 12 8c 00 03 00 a0 e1   .@..............
0010  0e 00 00 eb 00 30 a0 e1 05 30 4b e5               .....0...0K.

0000  02 40 00 17 00 13 00 04 00 12 8c 00 05 30 5b e5   .@...........0[.
0010  03 00 a0 e1 01 10 a0 e3 1e 00 00 eb               ............

0000  02 40 00 17 00 13 00 04 00 12 8c 00 00 30 a0 e1   .@...........0..
0010  73 30 ef e6 05 20 5b e5 02 30 63 e0               s0... [..0c.

0000  02 40 00 17 00 13 00 04 00 12 8c 00 05 30 4b e5   .@...........0K.
0010  05 30 5b e5 03 00 a0 e1 04 d0 4b e2               .0[.......K.

0000  02 40 00 17 00 13 00 04 00 12 8c 00 00 88 bd e8   .@..............
0010  04 b0 2d e5 00 b0 8d e2 14 d0 4d e2               ..-.......M.

0000  02 40 00 17 00 13 00 04 00 12 8c 00 00 30 a0 e1   .@...........0..
0010  0d 30 4b e5 00 30 a0 e3 08 30 0b e5               .0K..0...0..

0000  02 40 00 17 00 13 00 04 00 12 8c 00 05 00 00 ea   .@..............
0010  08 30 1b e5 01 30 83 e2 08 30 0b e5               .0...0...0..

0000  02 40 00 17 00 13 00 04 00 12 8c 00 0d 30 5b e5   .@...........0[.
0010  01 30 43 e2 0d 30 4b e5 08 30 1b e5               .0C..0K..0..

0000  02 40 00 17 00 13 00 04 00 12 8c 00 02 00 53 e3   .@............S.
0010  f6 ff ff da 0d 30 5b e5 03 00 a0 e1               .....0[.....

0000  02 40 00 17 00 13 00 04 00 12 8c 00 00 d0 4b e2   .@............K.
0010  04 b0 9d e4 1e ff 2f e1 04 b0 2d e5               ....../...-.

0000  02 40 00 17 00 13 00 04 00 12 8c 00 00 b0 8d e2   .@..............
0010  1c d0 4d e2 00 30 a0 e1 1c 10 0b e5               ..M..0......

0000  02 40 00 17 00 13 00 04 00 12 8c 00 15 30 4b e5   .@...........0K.
0010  15 30 5b e5 08 30 0b e5 15 20 5b e5               .0[..0... [.

0000  02 40 00 17 00 13 00 04 00 12 8c 00 1c 30 1b e5   .@...........0..
0010  03 30 82 e0 0c 30 0b e5 08 20 1b e5               .0...0... ..

0000  02 40 00 17 00 13 00 04 00 12 8c 00 0c 30 1b e5   .@...........0..
0010  02 30 63 e0 10 30 0b e5 10 30 1b e5               .0c..0...0..

0000  02 40 00 17 00 13 00 04 00 12 8c 00 03 00 a0 e1   .@..............
0010  00 d0 4b e2 04 b0 9d e4 1e ff 2f e1               ..K......./.

0000  02 40 00 17 00 13 00 04 00 12 8c 00 04 b0 2d e5   .@............-.
0010  00 b0 8d e2 0c d0 4d e2 08 00 0b e5               ......M.....

0000  02 40 00 17 00 13 00 04 00 12 8c 00 0c 10 0b e5   .@..............
0010  08 20 1b e5 0c 30 1b e5 03 00 52 e1               . ...0....R.

0000  02 40 00 17 00 13 00 04 00 12 8c 00 03 00 00 da   .@..............
0010  08 20 1b e5 0c 30 1b e5 02 30 63 e0               . ...0...0c.

0000  02 40 00 17 00 13 00 04 00 12 8c 00 06 00 00 ea   .@..............
0010  0c 20 1b e5 c2 3f a0 e1 a3 3f a0 e1               . ...?...?..

0000  02 40 00 17 00 13 00 04 00 12 8c 00 03 20 82 e0   .@........... ..
0010  01 20 02 e2 02 30 63 e0 01 30 83 e2               . ...0c..0..

0000  02 40 00 17 00 13 00 04 00 12 8c 00 03 00 a0 e1   .@..............
0010  00 d0 4b e2 04 b0 9d e4 1e ff 2f e1               ..K......./.

0000  02 40 00 17 00 13 00 04 00 12 8c 00 04 b0 2d e5   .@............-.
0010  00 b0 8d e2 14 d0 4d e2 00 30 a0 e1               ......M..0..

0000  02 40 00 17 00 13 00 04 00 12 8c 00 0d 30 4b e5   .@...........0K.
0010  0d 30 5b e5 00 00 53 e3 04 00 00 0a               .0[...S.....

0000  02 40 00 17 00 13 00 04 00 12 8c 00 00 30 a0 e3   .@...........0..
0010  08 30 0b e5 08 30 1b e5 01 30 83 e2               .0...0...0..

0000  02 40 00 17 00 13 00 04 00 12 8c 00 02 00 00 ea   .@..............
0010  0d 30 5b e5 03 31 a0 e1 42 30 23 e2               .0[..1..B0#.

0000  02 40 00 17 00 13 00 04 00 12 8c 00 03 00 a0 e1   .@..............
0010  00 d0 4b e2 04 b0 9d e4 1e ff 2f e1               ..K......./.

0000  02 40 00 17 00 13 00 04 00 12 8c 00 f8 43 2d e9   .@...........C-.
0010  00 70 a0 e1 4c 60 9f e5 4c 50 9f e5               .p..L`..LP..

0000  02 40 00 17 00 13 00 04 00 12 8c 00 06 60 8f e0   .@...........`..
0010  05 50 8f e0 06 60 65 e0 01 80 a0 e1               .P...`e.....

0000  02 40 00 17 00 13 00 04 00 12 8c 00 02 90 a0 e1   .@..............
0010  40 fe ff eb 46 61 b0 e1 f8 83 bd 08               @...Fa......

0000  02 40 00 17 00 13 00 04 00 12 8c 00 04 50 45 e2   .@...........PE.
0010  00 40 a0 e3 01 40 84 e2 04 30 b5 e5               .@...@...0..

0000  02 40 00 17 00 13 00 04 00 12 8c 00 07 00 a0 e1   .@..............
0010  08 10 a0 e1 09 20 a0 e1 33 ff 2f e1               ..... ..3./.

0000  02 40 00 17 00 13 00 04 00 12 8c 00 06 00 54 e1   .@............T.
0010  f7 ff ff 1a f8 83 bd e8 bc 00 01 00               ............

0000  02 40 00 17 00 13 00 04 00 12 8c 00 b4 00 01 00   .@..............
0010  1e ff 2f e1 08 40 2d e9 08 80 bd e8               ../..@-.....

0000  02 40 00 17 00 13 00 04 00 12 8c 00 01 00 02 00   .@..............
0010  53 65 63 72 65 74 3f 00 53 6f 72 72               Secret?.Sorr

0000  02 40 00 17 00 13 00 04 00 12 8c 00 79 20 77 72   .@..........y wr
0010  6f 6e 67 20 73 65 63 72 65 74 21 20               ong secret! 

0000  02 40 00 17 00 13 00 04 00 12 8c 00 41 6e 20 61   .@..........An a
0010  6c 65 72 74 20 68 61 73 20 62 65 65               lert has bee

0000  02 40 00 17 00 13 00 04 00 12 8c 00 6e 20 73 65   .@..........n se
0010  6e 74 21 00 00 00 00 00 00 00 00 00               nt!.........

0000  02 40 00 17 00 13 00 04 00 12 8c 00 41 75 74 68   .@..........Auth
0010  6f 72 69 73 65 64 21 00 00 00 00 00               orised!.....

0000  02 40 00 17 00 13 00 04 00 12 8c 00 00 00 00 00   .@..............
0010  e8 f8 ff 7f 01 00 00 00 00 00 00 00               ............

0000  02 40 00 17 00 13 00 04 00 12 8c 00 cc 04 01 00   .@..............
0010  a4 04 01 00 00 00 00 00 01 00 00 00               ............

0000  02 40 00 17 00 13 00 04 00 12 8c 00 01 00 00 00   .@..............
0010  0c 00 00 00 5c 03 01 00 0d 00 00 00               ....\.......

0000  02 40 00 17 00 13 00 04 00 12 8c 00 98 0a 01 00   .@..............
0010  19 00 00 00 00 0b 02 00 1b 00 00 00               ............

0000  02 40 00 17 00 13 00 04 00 12 8c 00 04 00 00 00   .@..............
0010  1a 00 00 00 04 0b 02 00 1c 00 00 00               ............

0000  02 40 00 17 00 13 00 04 00 12 8c 00 04 00 00 00   .@..............
0010  f5 fe ff 6f 94 01 01 00 05 00 00 00               ...o........

0000  02 40 00 17 00 13 00 04 00 12 8c 00 78 02 01 00   .@..........x...
0010  06 00 00 00 d8 01 01 00 0a 00 00 00               ............

0000  02 40 00 17 00 13 00 04 00 12 8c 00 60 00 00 00   .@..........`...
0010  0b 00 00 00 10 00 00 00 15 00 00 00               ............

0000  02 40 00 17 00 13 00 04 00 12 8c 00 00 00 00 00   .@..............
0010  03 00 00 00 f4 0b 02 00 02 00 00 00               ............

0000  02 40 00 17 00 13 00 04 00 12 8c 00 40 00 00 00   .@..........@...
0010  14 00 00 00 11 00 00 00 17 00 00 00               ............

0000  02 40 00 17 00 13 00 04 00 12 8c 00 1c 03 01 00   .@..............
0010  11 00 00 00 0c 03 01 00 12 00 00 00               ............

0000  02 40 00 17 00 13 00 04 00 12 8c 00 10 00 00 00   .@..............
0010  13 00 00 00 08 00 00 00 fe ff ff 6f               ...........o

0000  02 40 00 17 00 13 00 04 00 12 8c 00 ec 02 01 00   .@..............
0010  ff ff ff 6f 01 00 00 00 f0 ff ff 6f               ...o.......o

0000  02 40 00 17 00 13 00 04 00 12 8c 00 d8 02 01 00   .@..............
0010  00 00 00 00 00 00 00 00 00 00 00 00               ............

0000  02 40 00 17 00 13 00 04 00 12 8c 00 00 00 00 00   .@..............
0010  00 00 00 00 00 00 00 00 00 00 00 00               ............

0000  02 40 00 17 00 13 00 04 00 12 8c 00 00 00 00 00   .@..............
0010  00 00 00 00 00 00 00 00 00 00 00 00               ............

0000  02 40 00 17 00 13 00 04 00 12 8c 00 00 00 00 00   .@..............
0010  0c 0b 02 00 00 00 00 00 00 00 00 00               ............

0000  02 40 00 17 00 13 00 04 00 12 8c 00 68 03 01 00   .@..........h...
0010  68 03 01 00 68 03 01 00 68 03 01 00               h...h...h...

0000  02 40 00 17 00 13 00 04 00 12 8c 00 68 03 01 00   .@..........h...
0010  68 03 01 00 68 03 01 00 68 03 01 00               h...h...h...

0000  02 40 00 17 00 13 00 04 00 12 8c 00 00 00 00 00   .@..............
0010  00 00 00 00 00 00 00 00 47 43 43 3a               ........GCC:

0000  02 40 00 17 00 13 00 04 00 12 8c 00 20 28 52 61   .@.......... (Ra
0010  73 70 62 69 61 6e 20 34 2e 39 2e 32               spbian 4.9.2

0000  02 40 00 17 00 13 00 04 00 12 8c 00 2d 31 30 29   .@..........-10)
0010  20 34 2e 39 2e 32 00 47 43 43 3a 20                4.9.2.GCC: 

0000  02 40 00 17 00 13 00 04 00 12 8c 00 28 52 61 73   .@..........(Ras
0010  70 62 69 61 6e 20 34 2e 38 2e 34 2d               pbian 4.8.4-

0000  02 40 00 17 00 13 00 04 00 12 8c 00 31 29 20 34   .@..........1) 4
0010  2e 38 2e 34 00 41 30 00 00 00 61 65               .8.4.A0...ae

0000  02 40 00 17 00 13 00 04 00 12 8c 00 61 62 69 00   .@..........abi.
0010  01 26 00 00 00 05 36 00 06 06 08 01               .&....6.....

0000  02 40 00 17 00 13 00 04 00 12 8c 00 09 01 0a 02   .@..............
0010  12 04 13 01 14 01 15 01 17 03 18 01               ............

0000  02 40 00 17 00 13 00 04 00 12 8c 00 19 01 1a 02   .@..............
0010  1b 03 1c 01 22 01 00 2e 73 79 6d 74               ...."...symt

0000  02 40 00 17 00 13 00 04 00 12 8c 00 61 62 00 2e   .@..........ab..
0010  73 74 72 74 61 62 00 2e 73 68 73 74               strtab..shst

0000  02 40 00 17 00 13 00 04 00 12 8c 00 72 74 61 62   .@..........rtab
0010  00 2e 69 6e 74 65 72 70 00 2e 6e 6f               ..interp..no

0000  02 40 00 17 00 13 00 04 00 12 8c 00 74 65 2e 41   .@..........te.A
0010  42 49 2d 74 61 67 00 2e 6e 6f 74 65               BI-tag..note

0000  02 40 00 17 00 13 00 04 00 12 8c 00 2e 67 6e 75   .@...........gnu
0010  2e 62 75 69 6c 64 2d 69 64 00 2e 67               .build-id..g

0000  02 40 00 17 00 13 00 04 00 12 8c 00 6e 75 2e 68   .@..........nu.h
0010  61 73 68 00 2e 64 79 6e 73 79 6d 00               ash..dynsym.

0000  02 40 00 17 00 13 00 04 00 12 8c 00 2e 64 79 6e   .@...........dyn
0010  73 74 72 00 2e 67 6e 75 2e 76 65 72               str..gnu.ver

0000  02 40 00 17 00 13 00 04 00 12 8c 00 73 69 6f 6e   .@..........sion
0010  00 2e 67 6e 75 2e 76 65 72 73 69 6f               ..gnu.versio

0000  02 40 00 17 00 13 00 04 00 12 8c 00 6e 5f 72 00   .@..........n_r.
0010  2e 72 65 6c 2e 64 79 6e 00 2e 72 65               .rel.dyn..re

0000  02 40 00 17 00 13 00 04 00 12 8c 00 6c 2e 70 6c   .@..........l.pl
0010  74 00 2e 69 6e 69 74 00 2e 74 65 78               t..init..tex

0000  02 40 00 17 00 13 00 04 00 12 8c 00 74 00 2e 66   .@..........t..f
0010  69 6e 69 00 2e 72 6f 64 61 74 61 00               ini..rodata.

0000  02 40 00 17 00 13 00 04 00 12 8c 00 2e 41 52 4d   .@...........ARM
0010  2e 65 78 69 64 78 00 2e 65 68 5f 66               .exidx..eh_f

0000  02 40 00 17 00 13 00 04 00 12 8c 00 72 61 6d 65   .@..........rame
0010  00 2e 69 6e 69 74 5f 61 72 72 61 79               ..init_array

0000  02 40 00 17 00 13 00 04 00 12 8c 00 00 2e 66 69   .@............fi
0010  6e 69 5f 61 72 72 61 79 00 2e 6a 63               ni_array..jc

0000  02 40 00 17 00 13 00 04 00 12 8c 00 72 00 2e 64   .@..........r..d
0010  79 6e 61 6d 69 63 00 2e 67 6f 74 00               ynamic..got.

0000  02 40 00 17 00 13 00 04 00 12 8c 00 2e 64 61 74   .@...........dat
0010  61 00 2e 62 73 73 00 2e 63 6f 6d 6d               a..bss..comm

0000  02 40 00 17 00 13 00 04 00 12 8c 00 65 6e 74 00   .@..........ent.
0010  2e 41 52 4d 2e 61 74 74 72 69 62 75               .ARM.attribu

0000  02 40 00 17 00 13 00 04 00 12 8c 00 74 65 73 00   .@..........tes.
0010  00 00 00 00 00 00 00 00 00 00 00 00               ............

0000  02 40 00 17 00 13 00 04 00 12 8c 00 00 00 00 00   .@..............
0010  00 00 00 00 34 01 01 00 00 00 00 00               ....4.......

0000  02 40 00 17 00 13 00 04 00 12 8c 00 03 00 01 00   .@..............
0010  00 00 00 00 50 01 01 00 00 00 00 00               ....P.......

0000  02 40 00 17 00 13 00 04 00 12 8c 00 03 00 02 00   .@..............
0010  00 00 00 00 70 01 01 00 00 00 00 00               ....p.......

0000  02 40 00 17 00 13 00 04 00 12 8c 00 03 00 03 00   .@..............
0010  00 00 00 00 94 01 01 00 00 00 00 00               ............

0000  02 40 00 17 00 13 00 04 00 12 8c 00 03 00 04 00   .@..............
0010  00 00 00 00 d8 01 01 00 00 00 00 00               ............

0000  02 40 00 17 00 13 00 04 00 12 8c 00 03 00 05 00   .@..............
0010  00 00 00 00 78 02 01 00 00 00 00 00               ....x.......

0000  02 40 00 17 00 13 00 04 00 12 8c 00 03 00 06 00   .@..............
0010  00 00 00 00 d8 02 01 00 00 00 00 00               ............

0000  02 40 00 17 00 13 00 04 00 12 8c 00 03 00 07 00   .@..............
0010  00 00 00 00 ec 02 01 00 00 00 00 00               ............

0000  02 40 00 17 00 13 00 04 00 12 8c 00 03 00 08 00   .@..............
0010  00 00 00 00 0c 03 01 00 00 00 00 00               ............

0000  02 40 00 17 00 13 00 04 00 12 8c 00 03 00 09 00   .@..............
0010  00 00 00 00 1c 03 01 00 00 00 00 00               ............

0000  02 40 00 17 00 13 00 04 00 12 8c 00 03 00 0a 00   .@..............
0010  00 00 00 00 5c 03 01 00 00 00 00 00               ....\.......

0000  02 40 00 17 00 13 00 04 00 12 8c 00 03 00 0b 00   .@..............
0010  00 00 00 00 68 03 01 00 00 00 00 00               ....h.......

0000  02 40 00 17 00 13 00 04 00 12 8c 00 03 00 0c 00   .@..............
0010  00 00 00 00 dc 03 01 00 00 00 00 00               ............

0000  02 40 00 17 00 13 00 04 00 12 8c 00 03 00 0d 00   .@..............
0010  00 00 00 00 98 0a 01 00 00 00 00 00               ............

0000  02 40 00 17 00 13 00 04 00 12 8c 00 03 00 0e 00   .@..............
0010  00 00 00 00 a0 0a 01 00 00 00 00 00               ............

0000  02 40 00 17 00 13 00 04 00 12 8c 00 03 00 0f 00   .@..............
0010  00 00 00 00 f4 0a 01 00 00 00 00 00               ............

0000  02 40 00 17 00 13 00 04 00 12 8c 00 03 00 10 00   .@..............
0010  00 00 00 00 fc 0a 01 00 00 00 00 00               ............

0000  02 40 00 17 00 13 00 04 00 12 8c 00 03 00 11 00   .@..............
0010  00 00 00 00 00 0b 02 00 00 00 00 00               ............

0000  02 40 00 17 00 13 00 04 00 12 8c 00 03 00 12 00   .@..............
0010  00 00 00 00 04 0b 02 00 00 00 00 00               ............

0000  02 40 00 17 00 13 00 04 00 12 8c 00 03 00 13 00   .@..............
0010  00 00 00 00 08 0b 02 00 00 00 00 00               ............

0000  02 40 00 17 00 13 00 04 00 12 8c 00 03 00 14 00   .@..............
0010  00 00 00 00 0c 0b 02 00 00 00 00 00               ............

0000  02 40 00 17 00 13 00 04 00 12 8c 00 03 00 15 00   .@..............
0010  00 00 00 00 f4 0b 02 00 00 00 00 00               ............

0000  02 40 00 17 00 13 00 04 00 12 8c 00 03 00 16 00   .@..............
0010  00 00 00 00 24 0c 02 00 00 00 00 00               ....$.......

0000  02 40 00 17 00 13 00 04 00 12 8c 00 03 00 17 00   .@..............
0010  00 00 00 00 30 0c 02 00 00 00 00 00               ....0.......

0000  02 40 00 17 00 13 00 04 00 12 8c 00 03 00 18 00   .@..............
0010  00 00 00 00 00 00 00 00 00 00 00 00               ............

0000  02 40 00 17 00 13 00 04 00 12 8c 00 03 00 19 00   .@..............
0010  00 00 00 00 00 00 00 00 00 00 00 00               ............

0000  02 40 00 17 00 13 00 04 00 12 8c 00 03 00 1a 00   .@..............
0010  01 00 00 00 00 00 00 00 00 00 00 00               ............

0000  02 40 00 17 00 13 00 04 00 12 8c 00 04 00 f1 ff   .@..............
0010  4a 00 00 00 50 01 01 00 00 00 00 00               J...P.......

0000  02 40 00 17 00 13 00 04 00 12 8c 00 00 00 02 00   .@..............
0010  4d 00 00 00 dc 03 01 00 00 00 00 00               M...........

0000  02 40 00 17 00 13 00 04 00 12 8c 00 00 00 0d 00   .@..............
0010  4a 00 00 00 f4 0a 01 00 00 00 00 00               J...........

0000  02 40 00 17 00 13 00 04 00 12 8c 00 00 00 10 00   .@..............
0010  4a 00 00 00 0c 04 01 00 00 00 00 00               J...........

0000  02 40 00 17 00 13 00 04 00 12 8c 00 00 00 0d 00   .@..............
0010  4a 00 00 00 a0 0a 01 00 00 00 00 00               J...........

0000  02 40 00 17 00 13 00 04 00 12 8c 00 00 00 0f 00   .@..............
0010  4a 00 00 00 24 0c 02 00 00 00 00 00               J...$.......

0000  02 40 00 17 00 13 00 04 00 12 8c 00 00 00 17 00   .@..............
0010  50 00 00 00 00 00 00 00 00 00 00 00               P...........

0000  02 40 00 17 00 13 00 04 00 12 8c 00 04 00 f1 ff   .@..............
0010  4d 00 00 00 18 04 01 00 00 00 00 00               M...........

0000  02 40 00 17 00 13 00 04 00 12 8c 00 00 00 0d 00   .@..............
0010  99 00 00 00 18 04 01 00 00 00 00 00               ............

0000  02 40 00 17 00 13 00 04 00 12 8c 00 02 00 0d 00   .@..............
0010  4a 00 00 00 34 04 01 00 00 00 00 00               J...4.......

0000  02 40 00 17 00 13 00 04 00 12 8c 00 00 00 0d 00   .@..............
0010  4d 00 00 00 5c 03 01 00 00 00 00 00               M...\.......

0000  02 40 00 17 00 13 00 04 00 12 8c 00 00 00 0b 00   .@..............
0010  4d 00 00 00 98 0a 01 00 00 00 00 00               M...........

0000  02 40 00 17 00 13 00 04 00 12 8c 00 00 00 0e 00   .@..............
0010  a6 00 00 00 00 00 00 00 00 00 00 00               ............

0000  02 40 00 17 00 13 00 04 00 12 8c 00 04 00 f1 ff   .@..............
0010  4d 00 00 00 64 03 01 00 00 00 00 00               M...d.......

0000  02 40 00 17 00 13 00 04 00 12 8c 00 00 00 0b 00   .@..............
0010  4d 00 00 00 9c 0a 01 00 00 00 00 00               M...........

0000  02 40 00 17 00 13 00 04 00 12 8c 00 00 00 0e 00   .@..............
0010  ef 00 00 00 00 00 00 00 00 00 00 00               ............

0000  02 40 00 17 00 13 00 04 00 12 8c 00 04 00 f1 ff   .@..............
0010  fa 00 00 00 08 0b 02 00 00 00 00 00               ............

0000  02 40 00 17 00 13 00 04 00 12 8c 00 01 00 14 00   .@..............
0010  4d 00 00 00 3c 04 01 00 00 00 00 00               M...<.......

0000  02 40 00 17 00 13 00 04 00 12 8c 00 00 00 0d 00   .@..............
0010  07 01 00 00 3c 04 01 00 00 00 00 00               ....<.......

0000  02 40 00 17 00 13 00 04 00 12 8c 00 02 00 0d 00   .@..............
0010  4a 00 00 00 60 04 01 00 00 00 00 00               J...`.......

0000  02 40 00 17 00 13 00 04 00 12 8c 00 00 00 0d 00   .@..............
0010  4d 00 00 00 6c 04 01 00 00 00 00 00               M...l.......

0000  02 40 00 17 00 13 00 04 00 12 8c 00 00 00 0d 00   .@..............
0010  1c 01 00 00 6c 04 01 00 00 00 00 00               ....l.......

0000  02 40 00 17 00 13 00 04 00 12 8c 00 02 00 0d 00   .@..............
0010  4a 00 00 00 98 04 01 00 00 00 00 00               J...........

0000  02 40 00 17 00 13 00 04 00 12 8c 00 00 00 0d 00   .@..............
0010  4a 00 00 00 28 0c 02 00 00 00 00 00               J...(.......

0000  02 40 00 17 00 13 00 04 00 12 8c 00 00 00 17 00   .@..............
0010  4d 00 00 00 a4 04 01 00 00 00 00 00               M...........

0000  02 40 00 17 00 13 00 04 00 12 8c 00 00 00 0d 00   .@..............
0010  2f 01 00 00 a4 04 01 00 00 00 00 00               /...........

0000  02 40 00 17 00 13 00 04 00 12 8c 00 02 00 0d 00   .@..............
0010  4a 00 00 00 c8 04 01 00 00 00 00 00               J...........

0000  02 40 00 17 00 13 00 04 00 12 8c 00 00 00 0d 00   .@..............
0010  45 01 00 00 34 0c 02 00 01 00 00 00               E...4.......

0000  02 40 00 17 00 13 00 04 00 12 8c 00 01 00 18 00   .@..............
0010  4a 00 00 00 04 0b 02 00 00 00 00 00               J...........

0000  02 40 00 17 00 13 00 04 00 12 8c 00 00 00 13 00   .@..............
0010  54 01 00 00 04 0b 02 00 00 00 00 00               T...........

0000  02 40 00 17 00 13 00 04 00 12 8c 00 01 00 13 00   .@..............
0010  4d 00 00 00 cc 04 01 00 00 00 00 00               M...........

0000  02 40 00 17 00 13 00 04 00 12 8c 00 00 00 0d 00   .@..............
0010  7b 01 00 00 cc 04 01 00 00 00 00 00               {...........

0000  02 40 00 17 00 13 00 04 00 12 8c 00 02 00 0d 00   .@..............
0010  4a 00 00 00 fc 04 01 00 00 00 00 00               J...........

0000  02 40 00 17 00 13 00 04 00 12 8c 00 00 00 0d 00   .@..............
0010  4a 00 00 00 00 0b 02 00 00 00 00 00               J...........

0000  02 40 00 17 00 13 00 04 00 12 8c 00 00 00 12 00   .@..............
0010  87 01 00 00 00 0b 02 00 00 00 00 00               ............

0000  02 40 00 17 00 13 00 04 00 12 8c 00 01 00 12 00   .@..............
0010  4a 00 00 00 34 0c 02 00 00 00 00 00               J...4.......

0000  02 40 00 17 00 13 00 04 00 12 8c 00 00 00 18 00   .@..............
0010  a6 01 00 00 00 00 00 00 00 00 00 00               ............

0000  02 40 00 17 00 13 00 04 00 12 8c 00 04 00 f1 ff   .@..............
0010  4a 00 00 00 a4 0a 01 00 00 00 00 00               J...........

0000  02 40 00 17 00 13 00 04 00 12 8c 00 00 00 0f 00   .@..............
0010  4d 00 00 00 04 05 01 00 00 00 00 00               M...........

0000  02 40 00 17 00 13 00 04 00 12 8c 00 00 00 0d 00   .@..............
0010  4a 00 00 00 b8 07 01 00 00 00 00 00               J...........

0000  02 40 00 17 00 13 00 04 00 12 8c 00 00 00 0d 00   .@..............
0010  4d 00 00 00 c8 07 01 00 00 00 00 00               M...........

0000  02 40 00 17 00 13 00 04 00 12 8c 00 00 00 0d 00   .@..............
0010  ac 01 00 00 00 00 00 00 00 00 00 00               ............

0000  02 40 00 17 00 13 00 04 00 12 8c 00 04 00 f1 ff   .@..............
0010  4d 00 00 00 30 0a 01 00 00 00 00 00               M...0.......

0000  02 40 00 17 00 13 00 04 00 12 8c 00 00 00 0d 00   .@..............
0010  4a 00 00 00 8c 0a 01 00 00 00 00 00               J...........

0000  02 40 00 17 00 13 00 04 00 12 8c 00 00 00 0d 00   .@..............
0010  4d 00 00 00 94 0a 01 00 00 00 00 00               M...........

0000  02 40 00 17 00 13 00 04 00 12 8c 00 00 00 0d 00   .@..............
0010  ef 00 00 00 00 00 00 00 00 00 00 00               ............

0000  02 40 00 17 00 13 00 04 00 12 8c 00 04 00 f1 ff   .@..............
0010  4a 00 00 00 fc 0a 01 00 00 00 00 00               J...........

0000  02 40 00 17 00 13 00 04 00 12 8c 00 00 00 11 00   .@..............
0010  b8 01 00 00 fc 0a 01 00 00 00 00 00               ............

0000  02 40 00 17 00 13 00 04 00 12 8c 00 01 00 11 00   .@..............
0010  4a 00 00 00 08 0b 02 00 00 00 00 00               J...........

0000  02 40 00 17 00 13 00 04 00 12 8c 00 00 00 14 00   .@..............
0010  c6 01 00 00 08 0b 02 00 00 00 00 00               ............

0000  02 40 00 17 00 13 00 04 00 12 8c 00 01 00 14 00   .@..............
0010  00 00 00 00 00 00 00 00 00 00 00 00               ............

0000  02 40 00 17 00 13 00 04 00 12 8c 00 04 00 f1 ff   .@..............
0010  d2 01 00 00 04 0b 02 00 00 00 00 00               ............

0000  02 40 00 17 00 13 00 04 00 12 8c 00 00 00 12 00   .@..............
0010  e3 01 00 00 0c 0b 02 00 00 00 00 00               ............

0000  02 40 00 17 00 13 00 04 00 12 8c 00 01 00 15 00   .@..............
0010  ec 01 00 00 00 0b 02 00 00 00 00 00               ............

0000  02 40 00 17 00 13 00 04 00 12 8c 00 00 00 12 00   .@..............
0010  ff 01 00 00 f4 0b 02 00 00 00 00 00               ............

0000  02 40 00 17 00 13 00 04 00 12 8c 00 01 00 16 00   .@..............
0010  4d 00 00 00 68 03 01 00 00 00 00 00               M...h.......

0000  02 40 00 17 00 13 00 04 00 12 8c 00 00 00 0c 00   .@..............
0010  4a 00 00 00 78 03 01 00 00 00 00 00               J...x.......

0000  02 40 00 17 00 13 00 04 00 12 8c 00 00 00 0c 00   .@..............
0010  4d 00 00 00 7c 03 01 00 00 00 00 00               M...|.......

0000  02 40 00 17 00 13 00 04 00 12 8c 00 00 00 0c 00   .@..............
0010  15 02 00 00 94 0a 01 00 04 00 00 00               ............

0000  02 40 00 17 00 13 00 04 00 12 8c 00 12 00 0d 00   .@..............
0010  25 02 00 00 e0 09 01 00 50 00 00 00               %.......P...

0000  02 40 00 17 00 13 00 04 00 12 8c 00 12 00 0d 00   .@..............
0010  29 02 00 00 00 00 00 00 00 00 00 00               )...........

0000  02 40 00 17 00 13 00 04 00 12 8c 00 20 00 00 00   .@.......... ...
0010  45 02 00 00 24 0c 02 00 00 00 00 00               E...$.......

0000  02 40 00 17 00 13 00 04 00 12 8c 00 20 00 17 00   .@.......... ...
0010  50 02 00 00 00 00 00 00 00 00 00 00               P...........

0000  02 40 00 17 00 13 00 04 00 12 8c 00 12 00 00 00   .@..............
0010  62 02 00 00 2c 0c 02 00 00 00 00 00               b...,.......

0000  02 40 00 17 00 13 00 04 00 12 8c 00 10 00 18 00   .@..............
0010  70 02 00 00 c8 07 01 00 58 00 00 00               p.......X...

0000  02 40 00 17 00 13 00 04 00 12 8c 00 12 00 0d 00   .@..............
0010  76 02 00 00 00 00 00 00 00 00 00 00               v...........

0000  02 40 00 17 00 13 00 04 00 12 8c 00 12 00 00 00   .@..............
0010  87 02 00 00 38 0c 02 00 00 00 00 00               ....8.......

0000  02 40 00 17 00 13 00 04 00 12 8c 00 10 00 18 00   .@..............
0010  92 02 00 00 2c 0c 02 00 00 00 00 00               ....,.......

0000  02 40 00 17 00 13 00 04 00 12 8c 00 10 00 17 00   .@..............
0010  99 02 00 00 98 0a 01 00 00 00 00 00               ............

0000  02 40 00 17 00 13 00 04 00 12 8c 00 12 00 0e 00   .@..............
0010  9f 02 00 00 38 0c 02 00 00 00 00 00               ....8.......

0000  02 40 00 17 00 13 00 04 00 12 8c 00 10 00 18 00   .@..............
0010  ab 02 00 00 80 09 01 00 60 00 00 00               ........`...

0000  02 40 00 17 00 13 00 04 00 12 8c 00 12 00 0d 00   .@..............
0010  af 02 00 00 78 08 01 00 5c 00 00 00               ....x...\...

0000  02 40 00 17 00 13 00 04 00 12 8c 00 12 00 0d 00   .@..............
0010  b6 02 00 00 24 0c 02 00 00 00 00 00               ....$.......

0000  02 40 00 17 00 13 00 04 00 12 8c 00 10 00 17 00   .@..............
0010  c3 02 00 00 00 00 00 00 00 00 00 00               ............

0000  02 40 00 17 00 13 00 04 00 12 8c 00 12 00 00 00   .@..............
0010  d3 02 00 00 00 00 00 00 00 00 00 00               ............

0000  02 40 00 17 00 13 00 04 00 12 8c 00 12 00 00 00   .@..............
0010  f0 02 00 00 00 00 00 00 00 00 00 00               ............

0000  02 40 00 17 00 13 00 04 00 12 8c 00 20 00 00 00   .@.......... ...
0010  ff 02 00 00 28 0c 02 00 00 00 00 00               ....(.......

0000  02 40 00 17 00 13 00 04 00 12 8c 00 11 02 17 00   .@..............
0010  0c 03 00 00 00 00 00 00 00 00 00 00               ............

0000  02 40 00 17 00 13 00 04 00 12 8c 00 12 00 00 00   .@..............
0010  1c 03 00 00 2c 09 01 00 54 00 00 00               ....,...T...

0000  02 40 00 17 00 13 00 04 00 12 8c 00 12 00 0d 00   .@..............
0010  20 03 00 00 a0 0a 01 00 04 00 00 00                ...........

0000  02 40 00 17 00 13 00 04 00 12 8c 00 11 00 0f 00   .@..............
0010  2f 03 00 00 00 00 00 00 00 00 00 00               /...........

0000  02 40 00 17 00 13 00 04 00 12 8c 00 12 00 00 00   .@..............
0010  41 03 00 00 30 0c 02 00 04 00 00 00               A...0.......

0000  02 40 00 17 00 13 00 04 00 12 8c 00 11 00 18 00   .@..............
0010  52 03 00 00 30 0a 01 00 64 00 00 00               R...0...d...

0000  02 40 00 17 00 13 00 04 00 12 8c 00 12 00 0d 00   .@..............
0010  62 03 00 00 38 0c 02 00 00 00 00 00               b...8.......

0000  02 40 00 17 00 13 00 04 00 12 8c 00 10 00 18 00   .@..............
0010  67 03 00 00 dc 03 01 00 00 00 00 00               g...........

0000  02 40 00 17 00 13 00 04 00 12 8c 00 12 00 0d 00   .@..............
0010  6e 03 00 00 38 0c 02 00 00 00 00 00               n...8.......

0000  02 40 00 17 00 13 00 04 00 12 8c 00 10 00 18 00   .@..............
0010  76 03 00 00 2c 0c 02 00 00 00 00 00               v...,.......

0000  02 40 00 17 00 13 00 04 00 12 8c 00 10 00 18 00   .@..............
0010  82 03 00 00 04 05 01 00 c4 02 00 00               ............

0000  02 40 00 17 00 13 00 04 00 12 8c 00 12 00 0d 00   .@..............
0010  87 03 00 00 00 00 00 00 00 00 00 00               ............

0000  02 40 00 17 00 13 00 04 00 12 8c 00 20 00 00 00   .@.......... ...
0010  9b 03 00 00 2c 0c 02 00 00 00 00 00               ....,.......

0000  02 40 00 17 00 13 00 04 00 12 8c 00 11 02 17 00   .@..............
0010  a7 03 00 00 00 00 00 00 00 00 00 00               ............

0000  02 40 00 17 00 13 00 04 00 12 8c 00 20 00 00 00   .@.......... ...
0010  c1 03 00 00 20 08 01 00 58 00 00 00               .... ...X...

0000  02 40 00 17 00 13 00 04 00 12 8c 00 12 00 0d 00   .@..............
0010  c8 03 00 00 d4 08 01 00 58 00 00 00               ........X...

0000  02 40 00 17 00 13 00 04 00 12 8c 00 12 00 0d 00   .@..............
0010  cf 03 00 00 00 00 00 00 00 00 00 00               ............

0000  02 40 00 17 00 13 00 04 00 12 8c 00 12 00 00 00   .@..............
0010  e0 03 00 00 5c 03 01 00 00 00 00 00               ....\.......

0000  02 40 00 17 00 13 00 04 00 12 8c 00 12 00 0b 00   .@..............
0010  00 2f 75 73 72 2f 6c 69 62 2f 67 63               ./usr/lib/gc

0000  02 40 00 17 00 13 00 04 00 12 8c 00 63 2f 61 72   .@..........c/ar
0010  6d 2d 6c 69 6e 75 78 2d 67 6e 75 65               m-linux-gnue

0000  02 40 00 17 00 13 00 04 00 12 8c 00 61 62 69 68   .@..........abih
0010  66 2f 34 2e 39 2f 2e 2e 2f 2e 2e 2f               f/4.9/../../

0000  02 40 00 17 00 13 00 04 00 12 8c 00 2e 2e 2f 61   .@............/a
0010  72 6d 2d 6c 69 6e 75 78 2d 67 6e 75               rm-linux-gnu

0000  02 40 00 17 00 13 00 04 00 12 8c 00 65 61 62 69   .@..........eabi
0010  68 66 2f 63 72 74 31 2e 6f 00 24 64               hf/crt1.o.$d

0000  02 40 00 17 00 13 00 04 00 12 8c 00 00 24 61 00   .@...........$a.
0010  2f 75 73 72 2f 6c 69 62 2f 67 63 63               /usr/lib/gcc

0000  02 40 00 17 00 13 00 04 00 12 8c 00 2f 61 72 6d   .@........../arm
0010  2d 6c 69 6e 75 78 2d 67 6e 75 65 61               -linux-gnuea

0000  02 40 00 17 00 13 00 04 00 12 8c 00 62 69 68 66   .@..........bihf
0010  2f 34 2e 39 2f 2e 2e 2f 2e 2e 2f 2e               /4.9/../../.

0000  02 40 00 17 00 13 00 04 00 12 8c 00 2e 2f 61 72   .@.........../ar
0010  6d 2d 6c 69 6e 75 78 2d 67 6e 75 65               m-linux-gnue

0000  02 40 00 17 00 13 00 04 00 12 8c 00 61 62 69 68   .@..........abih
0010  66 2f 63 72 74 69 2e 6f 00 63 61 6c               f/crti.o.cal

0000  02 40 00 17 00 13 00 04 00 12 8c 00 6c 5f 77 65   .@..........l_we
0010  61 6b 5f 66 6e 00 2f 75 73 72 2f 6c               ak_fn./usr/l

0000  02 40 00 17 00 13 00 04 00 12 8c 00 69 62 2f 67   .@..........ib/g
0010  63 63 2f 61 72 6d 2d 6c 69 6e 75 78               cc/arm-linux

0000  02 40 00 17 00 13 00 04 00 12 8c 00 2d 67 6e 75   .@..........-gnu
0010  65 61 62 69 68 66 2f 34 2e 39 2f 2e               eabihf/4.9/.

0000  02 40 00 17 00 13 00 04 00 12 8c 00 2e 2f 2e 2e   .@.........../..
0010  2f 2e 2e 2f 61 72 6d 2d 6c 69 6e 75               /../arm-linu

0000  02 40 00 17 00 13 00 04 00 12 8c 00 78 2d 67 6e   .@..........x-gn
0010  75 65 61 62 69 68 66 2f 63 72 74 6e               ueabihf/crtn

0000  02 40 00 17 00 13 00 04 00 12 8c 00 2e 6f 00 63   .@...........o.c
0010  72 74 73 74 75 66 66 2e 63 00 5f 5f               rtstuff.c.__

0000  02 40 00 17 00 13 00 04 00 12 8c 00 4a 43 52 5f   .@..........JCR_
0010  4c 49 53 54 5f 5f 00 64 65 72 65 67               LIST__.dereg

0000  02 40 00 17 00 13 00 04 00 12 8c 00 69 73 74 65   .@..........iste
0010  72 5f 74 6d 5f 63 6c 6f 6e 65 73 00               r_tm_clones.

0000  02 40 00 17 00 13 00 04 00 12 8c 00 72 65 67 69   .@..........regi
0010  73 74 65 72 5f 74 6d 5f 63 6c 6f 6e               ster_tm_clon

0000  02 40 00 17 00 13 00 04 00 12 8c 00 65 73 00 5f   .@..........es._
0010  5f 64 6f 5f 67 6c 6f 62 61 6c 5f 64               _do_global_d

0000  02 40 00 17 00 13 00 04 00 12 8c 00 74 6f 72 73   .@..........tors
0010  5f 61 75 78 00 63 6f 6d 70 6c 65 74               _aux.complet

0000  02 40 00 17 00 13 00 04 00 12 8c 00 65 64 2e 39   .@..........ed.9
0010  30 30 34 00 5f 5f 64 6f 5f 67 6c 6f               004.__do_glo

0000  02 40 00 17 00 13 00 04 00 12 8c 00 62 61 6c 5f   .@..........bal_
0010  64 74 6f 72 73 5f 61 75 78 5f 66 69               dtors_aux_fi

0000  02 40 00 17 00 13 00 04 00 12 8c 00 6e 69 5f 61   .@..........ni_a
0010  72 72 61 79 5f 65 6e 74 72 79 00 66               rray_entry.f

0000  02 40 00 17 00 13 00 04 00 12 8c 00 72 61 6d 65   .@..........rame
0010  5f 64 75 6d 6d 79 00 5f 5f 66 72 61               _dummy.__fra

0000  02 40 00 17 00 13 00 04 00 12 8c 00 6d 65 5f 64   .@..........me_d
0010  75 6d 6d 79 5f 69 6e 69 74 5f 61 72               ummy_init_ar

0000  02 40 00 17 00 13 00 04 00 12 8c 00 72 61 79 5f   .@..........ray_
0010  65 6e 74 72 79 00 69 6f 74 2e 63 00               entry.iot.c.

0000  02 40 00 17 00 13 00 04 00 12 8c 00 65 6c 66 2d   .@..........elf-
0010  69 6e 69 74 2e 6f 53 00 5f 5f 46 52               init.oS.__FR

0000  02 40 00 17 00 13 00 04 00 12 8c 00 41 4d 45 5f   .@..........AME_
0010  45 4e 44 5f 5f 00 5f 5f 4a 43 52 5f               END__.__JCR_

0000  02 40 00 17 00 13 00 04 00 12 8c 00 45 4e 44 5f   .@..........END_
0010  5f 00 5f 5f 69 6e 69 74 5f 61 72 72               _.__init_arr

0000  02 40 00 17 00 13 00 04 00 12 8c 00 61 79 5f 65   .@..........ay_e
0010  6e 64 00 5f 44 59 4e 41 4d 49 43 00               nd._DYNAMIC.

0000  02 40 00 17 00 13 00 04 00 12 8c 00 5f 5f 69 6e   .@..........__in
0010  69 74 5f 61 72 72 61 79 5f 73 74 61               it_array_sta

0000  02 40 00 17 00 13 00 04 00 12 8c 00 72 74 00 5f   .@..........rt._
0010  47 4c 4f 42 41 4c 5f 4f 46 46 53 45               GLOBAL_OFFSE

0000  02 40 00 17 00 13 00 04 00 12 8c 00 54 5f 54 41   .@..........T_TA
0010  42 4c 45 5f 00 5f 5f 6c 69 62 63 5f               BLE_.__libc_

0000  02 40 00 17 00 13 00 04 00 12 8c 00 63 73 75 5f   .@..........csu_
0010  66 69 6e 69 00 6d 6f 64 00 5f 49 54               fini.mod._IT

0000  02 40 00 17 00 13 00 04 00 12 8c 00 4d 5f 64 65   .@..........M_de
0010  72 65 67 69 73 74 65 72 54 4d 43 6c               registerTMCl

0000  02 40 00 17 00 13 00 04 00 12 8c 00 6f 6e 65 54   .@..........oneT
0010  61 62 6c 65 00 64 61 74 61 5f 73 74               able.data_st

0000  02 40 00 17 00 13 00 04 00 12 8c 00 61 72 74 00   .@..........art.
0010  70 72 69 6e 74 66 40 40 47 4c 49 42               printf@@GLIB

0000  02 40 00 17 00 13 00 04 00 12 8c 00 43 5f 32 2e   .@..........C_2.
0010  34 00 5f 5f 62 73 73 5f 73 74 61 72               4.__bss_star

0000  02 40 00 17 00 13 00 04 00 12 8c 00 74 5f 5f 00   .@..........t__.
0010  6d 61 67 69 63 00 66 67 65 74 73 40               magic.fgets@

0000  02 40 00 17 00 13 00 04 00 12 8c 00 40 47 4c 49   .@..........@GLI
0010  42 43 5f 32 2e 34 00 5f 62 73 73 5f               BC_2.4._bss_

0000  02 40 00 17 00 13 00 04 00 12 8c 00 65 6e 64 5f   .@..........end_
0010  5f 00 5f 65 64 61 74 61 00 5f 66 69               _._edata._fi

0000  02 40 00 17 00 13 00 04 00 12 8c 00 6e 69 00 5f   .@..........ni._
0010  5f 62 73 73 5f 65 6e 64 5f 5f 00 6d               _bss_end__.m

0000  02 40 00 17 00 13 00 04 00 12 8c 00 69 6e 00 6d   .@..........in.m
0010  61 67 69 63 33 00 5f 5f 64 61 74 61               agic3.__data

0000  02 40 00 17 00 13 00 04 00 12 8c 00 5f 73 74 61   .@.........._sta
0010  72 74 00 70 75 74 73 40 40 47 4c 49               rt.puts@@GLI

0000  02 40 00 17 00 13 00 04 00 12 8c 00 42 43 5f 32   .@..........BC_2
0010  2e 34 00 5f 5f 6c 69 62 63 5f 73 74               .4.__libc_st

0000  02 40 00 17 00 13 00 04 00 12 8c 00 61 72 74 5f   .@..........art_
0010  6d 61 69 6e 40 40 47 4c 49 42 43 5f               main@@GLIBC_

0000  02 40 00 17 00 13 00 04 00 12 8c 00 32 2e 34 00   .@..........2.4.
0010  5f 5f 67 6d 6f 6e 5f 73 74 61 72 74               __gmon_start

0000  02 40 00 17 00 13 00 04 00 12 8c 00 5f 5f 00 5f   .@..........__._
0010  5f 64 73 6f 5f 68 61 6e 64 6c 65 00               _dso_handle.

0000  02 40 00 17 00 13 00 04 00 12 8c 00 65 78 69 74   .@..........exit
0010  40 40 47 4c 49 42 43 5f 32 2e 34 00               @@GLIBC_2.4.

0000  02 40 00 17 00 13 00 04 00 12 8c 00 73 75 6d 00   .@..........sum.
0010  5f 49 4f 5f 73 74 64 69 6e 5f 75 73               _IO_stdin_us

0000  02 40 00 17 00 13 00 04 00 12 8c 00 65 64 00 73   .@..........ed.s
0010  74 72 6c 65 6e 40 40 47 4c 49 42 43               trlen@@GLIBC

0000  02 40 00 17 00 13 00 04 00 12 8c 00 5f 32 2e 34   .@.........._2.4
0010  00 73 74 64 69 6e 40 40 47 4c 49 42               .stdin@@GLIB

0000  02 40 00 17 00 13 00 04 00 12 8c 00 43 5f 32 2e   .@..........C_2.
0010  34 00 5f 5f 6c 69 62 63 5f 63 73 75               4.__libc_csu

0000  02 40 00 17 00 13 00 04 00 12 8c 00 5f 69 6e 69   .@.........._ini
0010  74 00 5f 65 6e 64 00 5f 73 74 61 72               t._end._star

0000  02 40 00 17 00 13 00 04 00 12 8c 00 74 00 5f 5f   .@..........t.__
0010  65 6e 64 5f 5f 00 5f 5f 62 73 73 5f               end__.__bss_

0000  02 40 00 17 00 13 00 04 00 12 8c 00 73 74 61 72   .@..........star
0010  74 00 6d 61 69 6e 00 5f 4a 76 5f 52               t.main._Jv_R

0000  02 40 00 17 00 13 00 04 00 12 8c 00 65 67 69 73   .@..........egis
0010  74 65 72 43 6c 61 73 73 65 73 00 5f               terClasses._

0000  02 40 00 17 00 13 00 04 00 12 8c 00 5f 54 4d 43   .@.........._TMC
0010  5f 45 4e 44 5f 5f 00 5f 49 54 4d 5f               _END__._ITM_

0000  02 40 00 17 00 13 00 04 00 12 8c 00 72 65 67 69   .@..........regi
0010  73 74 65 72 54 4d 43 6c 6f 6e 65 54               sterTMCloneT

0000  02 40 00 17 00 13 00 04 00 12 8c 00 61 62 6c 65   .@..........able
0010  00 6d 61 67 69 63 32 00 6d 61 67 69               .magic2.magi

0000  02 40 00 17 00 13 00 04 00 12 8c 00 63 34 00 61   .@..........c4.a
0010  62 6f 72 74 40 40 47 4c 49 42 43 5f               bort@@GLIBC_

0000  02 40 00 17 00 13 00 04 00 12 8c 00 32 2e 34 00   .@..........2.4.
0010  5f 69 6e 69 74 00 00 00 00 00 00 00               _init.......

0000  02 40 00 17 00 13 00 04 00 12 8c 00 00 00 00 00   .@..............
0010  00 00 00 00 00 00 00 00 00 00 00 00               ............

0000  02 40 00 17 00 13 00 04 00 12 8c 00 00 00 00 00   .@..............
0010  00 00 00 00 00 00 00 00 00 00 00 00               ............

0000  02 40 00 17 00 13 00 04 00 12 8c 00 00 00 00 00   .@..............
0010  1b 00 00 00 01 00 00 00 02 00 00 00               ............

0000  02 40 00 17 00 13 00 04 00 12 8c 00 34 01 01 00   .@..........4...
0010  34 01 00 00 19 00 00 00 00 00 00 00               4...........

0000  02 40 00 17 00 13 00 04 00 12 8c 00 00 00 00 00   .@..............
0010  01 00 00 00 00 00 00 00 23 00 00 00               ........#...

0000  02 40 00 17 00 13 00 04 00 12 8c 00 07 00 00 00   .@..............
0010  02 00 00 00 50 01 01 00 50 01 00 00               ....P...P...

0000  02 40 00 17 00 13 00 04 00 12 8c 00 20 00 00 00   .@.......... ...
0010  00 00 00 00 00 00 00 00 04 00 00 00               ............

0000  02 40 00 17 00 13 00 04 00 12 8c 00 00 00 00 00   .@..............
0010  31 00 00 00 07 00 00 00 02 00 00 00               1...........

0000  02 40 00 17 00 13 00 04 00 12 8c 00 70 01 01 00   .@..........p...
0010  70 01 00 00 24 00 00 00 00 00 00 00               p...$.......

0000  02 40 00 17 00 13 00 04 00 12 8c 00 00 00 00 00   .@..............
0010  04 00 00 00 00 00 00 00 44 00 00 00               ........D...

0000  02 40 00 17 00 13 00 04 00 12 8c 00 f6 ff ff 6f   .@.............o
0010  02 00 00 00 94 01 01 00 94 01 00 00               ............

0000  02 40 00 17 00 13 00 04 00 12 8c 00 44 00 00 00   .@..........D...
0010  05 00 00 00 00 00 00 00 04 00 00 00               ............

0000  02 40 00 17 00 13 00 04 00 12 8c 00 04 00 00 00   .@..............
0010  4e 00 00 00 0b 00 00 00 02 00 00 00               N...........

0000  02 40 00 17 00 13 00 04 00 12 8c 00 d8 01 01 00   .@..............
0010  d8 01 00 00 a0 00 00 00 06 00 00 00               ............

0000  02 40 00 17 00 13 00 04 00 12 8c 00 01 00 00 00   .@..............
0010  04 00 00 00 10 00 00 00 56 00 00 00               ........V...

0000  02 40 00 17 00 13 00 04 00 12 8c 00 03 00 00 00   .@..............
0010  02 00 00 00 78 02 01 00 78 02 00 00               ....x...x...

0000  02 40 00 17 00 13 00 04 00 12 8c 00 60 00 00 00   .@..........`...
0010  00 00 00 00 00 00 00 00 01 00 00 00               ............

0000  02 40 00 17 00 13 00 04 00 12 8c 00 00 00 00 00   .@..............
0010  5e 00 00 00 ff ff ff 6f 02 00 00 00               ^......o....

0000  02 40 00 17 00 13 00 04 00 12 8c 00 d8 02 01 00   .@..............
0010  d8 02 00 00 14 00 00 00 05 00 00 00               ............

0000  02 40 00 17 00 13 00 04 00 12 8c 00 00 00 00 00   .@..............
0010  02 00 00 00 02 00 00 00 6b 00 00 00               ........k...

0000  02 40 00 17 00 13 00 04 00 12 8c 00 fe ff ff 6f   .@.............o
0010  02 00 00 00 ec 02 01 00 ec 02 00 00               ............

0000  02 40 00 17 00 13 00 04 00 12 8c 00 20 00 00 00   .@.......... ...
0010  06 00 00 00 01 00 00 00 04 00 00 00               ............

0000  02 40 00 17 00 13 00 04 00 12 8c 00 00 00 00 00   .@..............
0010  7a 00 00 00 09 00 00 00 02 00 00 00               z...........

0000  02 40 00 17 00 13 00 04 00 12 8c 00 0c 03 01 00   .@..............
0010  0c 03 00 00 10 00 00 00 05 00 00 00               ............

0000  02 40 00 17 00 13 00 04 00 12 8c 00 00 00 00 00   .@..............
0010  04 00 00 00 08 00 00 00 83 00 00 00               ............

0000  02 40 00 17 00 13 00 04 00 12 8c 00 09 00 00 00   .@..............
0010  42 00 00 00 1c 03 01 00 1c 03 00 00               B...........

0000  02 40 00 17 00 13 00 04 00 12 8c 00 40 00 00 00   .@..........@...
0010  05 00 00 00 0c 00 00 00 04 00 00 00               ............

0000  02 40 00 17 00 13 00 04 00 12 8c 00 08 00 00 00   .@..............
0010  8c 00 00 00 01 00 00 00 06 00 00 00               ............

0000  02 40 00 17 00 13 00 04 00 12 8c 00 5c 03 01 00   .@..........\...
0010  5c 03 00 00 0c 00 00 00 00 00 00 00               \...........

0000  02 40 00 17 00 13 00 04 00 12 8c 00 00 00 00 00   .@..............
0010  04 00 00 00 00 00 00 00 87 00 00 00               ............

0000  02 40 00 17 00 13 00 04 00 12 8c 00 01 00 00 00   .@..............
0010  06 00 00 00 68 03 01 00 68 03 00 00               ....h...h...

0000  02 40 00 17 00 13 00 04 00 12 8c 00 74 00 00 00   .@..........t...
0010  00 00 00 00 00 00 00 00 04 00 00 00               ............

0000  02 40 00 17 00 13 00 04 00 12 8c 00 04 00 00 00   .@..............
0010  92 00 00 00 01 00 00 00 06 00 00 00               ............

0000  02 40 00 17 00 13 00 04 00 12 8c 00 dc 03 01 00   .@..............
0010  dc 03 00 00 bc 06 00 00 00 00 00 00               ............

0000  02 40 00 17 00 13 00 04 00 12 8c 00 00 00 00 00   .@..............
0010  04 00 00 00 00 00 00 00 98 00 00 00               ............

0000  02 40 00 17 00 13 00 04 00 12 8c 00 01 00 00 00   .@..............
0010  06 00 00 00 98 0a 01 00 98 0a 00 00               ............

0000  02 40 00 17 00 13 00 04 00 12 8c 00 08 00 00 00   .@..............
0010  00 00 00 00 00 00 00 00 04 00 00 00               ............

0000  02 40 00 17 00 13 00 04 00 12 8c 00 00 00 00 00   .@..............
0010  9e 00 00 00 01 00 00 00 02 00 00 00               ............

0000  02 40 00 17 00 13 00 04 00 12 8c 00 a0 0a 01 00   .@..............
0010  a0 0a 00 00 54 00 00 00 00 00 00 00               ....T.......

0000  02 40 00 17 00 13 00 04 00 12 8c 00 00 00 00 00   .@..............
0010  04 00 00 00 00 00 00 00 a6 00 00 00               ............

0000  02 40 00 17 00 13 00 04 00 12 8c 00 01 00 00 70   .@.............p
0010  82 00 00 00 f4 0a 01 00 f4 0a 00 00               ............

0000  02 40 00 17 00 13 00 04 00 12 8c 00 08 00 00 00   .@..............
0010  0d 00 00 00 00 00 00 00 04 00 00 00               ............

0000  02 40 00 17 00 13 00 04 00 12 8c 00 00 00 00 00   .@..............
0010  b1 00 00 00 01 00 00 00 02 00 00 00               ............

0000  02 40 00 17 00 13 00 04 00 12 8c 00 fc 0a 01 00   .@..............
0010  fc 0a 00 00 04 00 00 00 00 00 00 00               ............

0000  02 40 00 17 00 13 00 04 00 12 8c 00 00 00 00 00   .@..............
0010  04 00 00 00 00 00 00 00 bb 00 00 00               ............

0000  02 40 00 17 00 13 00 04 00 12 8c 00 0e 00 00 00   .@..............
0010  03 00 00 00 00 0b 02 00 00 0b 00 00               ............

0000  02 40 00 17 00 13 00 04 00 12 8c 00 04 00 00 00   .@..............
0010  00 00 00 00 00 00 00 00 04 00 00 00               ............

0000  02 40 00 17 00 13 00 04 00 12 8c 00 00 00 00 00   .@..............
0010  c7 00 00 00 0f 00 00 00 03 00 00 00               ............

0000  02 40 00 17 00 13 00 04 00 12 8c 00 04 0b 02 00   .@..............
0010  04 0b 00 00 04 00 00 00 00 00 00 00               ............

0000  02 40 00 17 00 13 00 04 00 12 8c 00 00 00 00 00   .@..............
0010  04 00 00 00 00 00 00 00 d3 00 00 00               ............

0000  02 40 00 17 00 13 00 04 00 12 8c 00 01 00 00 00   .@..............
0010  03 00 00 00 08 0b 02 00 08 0b 00 00               ............

0000  02 40 00 17 00 13 00 04 00 12 8c 00 04 00 00 00   .@..............
0010  00 00 00 00 00 00 00 00 04 00 00 00               ............

0000  02 40 00 17 00 13 00 04 00 12 8c 00 00 00 00 00   .@..............
0010  d8 00 00 00 06 00 00 00 03 00 00 00               ............

0000  02 40 00 17 00 13 00 04 00 12 8c 00 0c 0b 02 00   .@..............
0010  0c 0b 00 00 e8 00 00 00 06 00 00 00               ............

0000  02 40 00 17 00 13 00 04 00 12 8c 00 00 00 00 00   .@..............
0010  04 00 00 00 08 00 00 00 e1 00 00 00               ............

0000  02 40 00 17 00 13 00 04 00 12 8c 00 01 00 00 00   .@..............
0010  03 00 00 00 f4 0b 02 00 f4 0b 00 00               ............

0000  02 40 00 17 00 13 00 04 00 12 8c 00 30 00 00 00   .@..........0...
0010  00 00 00 00 00 00 00 00 04 00 00 00               ............

0000  02 40 00 17 00 13 00 04 00 12 8c 00 04 00 00 00   .@..............
0010  e6 00 00 00 01 00 00 00 03 00 00 00               ............

0000  02 40 00 17 00 13 00 04 00 12 8c 00 24 0c 02 00   .@..........$...
0010  24 0c 00 00 08 00 00 00 00 00 00 00               $...........

0000  02 40 00 17 00 13 00 04 00 12 8c 00 00 00 00 00   .@..............
0010  04 00 00 00 00 00 00 00 ec 00 00 00               ............

0000  02 40 00 17 00 13 00 04 00 12 8c 00 08 00 00 00   .@..............
0010  03 00 00 00 30 0c 02 00 2c 0c 00 00               ....0...,...

0000  02 40 00 17 00 13 00 04 00 12 8c 00 08 00 00 00   .@..............
0010  00 00 00 00 00 00 00 00 08 00 00 00               ............

0000  02 40 00 17 00 13 00 04 00 12 8c 00 00 00 00 00   .@..............
0010  f1 00 00 00 01 00 00 00 30 00 00 00               ........0...

0000  02 40 00 17 00 13 00 04 00 12 8c 00 00 00 00 00   .@..............
0010  2c 0c 00 00 3d 00 00 00 00 00 00 00               ,...=.......

0000  02 40 00 17 00 13 00 04 00 12 8c 00 00 00 00 00   .@..............
0010  01 00 00 00 01 00 00 00 fa 00 00 00               ............

0000  02 40 00 17 00 13 00 04 00 12 8c 00 03 00 00 70   .@.............p
0010  00 00 00 00 00 00 00 00 69 0c 00 00               ........i...

0000  02 40 00 17 00 13 00 04 00 12 8c 00 31 00 00 00   .@..........1...
0010  00 00 00 00 00 00 00 00 01 00 00 00               ............

0000  02 40 00 17 00 13 00 04 00 12 8c 00 00 00 00 00   .@..............
0010  11 00 00 00 03 00 00 00 00 00 00 00               ............

0000  02 40 00 17 00 13 00 04 00 12 8c 00 00 00 00 00   .@..............
0010  9a 0c 00 00 0a 01 00 00 00 00 00 00               ............

0000  02 40 00 17 00 13 00 04 00 12 8c 00 00 00 00 00   .@..............
0010  01 00 00 00 00 00 00 00 01 00 00 00               ............

0000  02 40 00 17 00 13 00 04 00 12 8c 00 02 00 00 00   .@..............
0010  00 00 00 00 00 00 00 00 a4 0d 00 00               ............

0000  02 40 00 17 00 13 00 04 00 12 8c 00 b0 07 00 00   .@..............
0010  1d 00 00 00 56 00 00 00 04 00 00 00               ....V.......

0000  02 40 00 17 00 13 00 04 00 12 8c 00 10 00 00 00   .@..............
0010  09 00 00 00 03 00 00 00 00 00 00 00               ............

0000  02 40 00 17 00 13 00 04 00 12 8c 00 00 00 00 00   .@..............
0010  54 15 00 00 e6 03 00 00 00 00 00 00               T...........

0000  02 40 00 13 00 0f 00 04 00 12 8c 00 00 00 00 00   .@..............
0010  01 00 00 00 00 00 00 00                           ........
